      cluster indicator_value probability
sp39        1          0.3488       0.001
sp4         1          0.2177       0.001
sp19        1          0.1994       0.005
sp52        1          0.1919       0.001
sp46        1          0.1768       0.025
sp50        1          0.1540       0.021
sp37        1          0.1525       0.002
sp45        1          0.1113       0.001
sp152       1          0.0659       0.002
sp30        1          0.0578       0.118
sp104       1          0.0555       0.040
sp88        1          0.0469       0.047
sp36        1          0.0454       0.018
sp188       1          0.0261       0.040
sp84        1          0.0238       0.169
sp169       1          0.0177       0.180
sp165       1          0.0137       0.113
sp89        1          0.0135       0.245
sp184       1          0.0113       0.149
sp192       1          0.0096       0.136
sp209       1          0.0096       0.147
sp62        2          0.1163       0.002
sp56        2          0.0904       0.003
sp97        2          0.0804       0.001
sp57        2          0.0593       0.225
sp122       2          0.0550       0.026
sp60        2          0.0478       0.063
sp94        2          0.0468       0.015
sp69        2          0.0289       0.162
sp5         2          0.0288       0.077
sp41        2          0.0279       0.241
sp95        2          0.0237       0.010
sp77        2          0.0217       0.139
sp85        2          0.0195       0.245
sp141       2          0.0183       0.035
sp18        2          0.0172       0.211
sp113       2          0.0168       0.110
sp208       2          0.0142       0.137
sp199       2          0.0134       0.075
sp206       2          0.0126       0.227
sp157       2          0.0085       0.152
sp161       2          0.0085       0.154
sp167       2          0.0085       0.150
sp13        3          0.2176       0.004
sp8         3          0.1973       0.011
sp23        3          0.1890       0.001
sp10        3          0.1662       0.001
sp25        3          0.1501       0.009
sp35        3          0.1389       0.001
sp17        3          0.1375       0.001
sp40        3          0.1237       0.014
sp2         3          0.1174       0.002
sp29        3          0.1142       0.002
sp86        3          0.0780       0.001
sp34        3          0.0736       0.006
sp31        3          0.0693       0.001
sp74        3          0.0672       0.009
sp76        3          0.0671       0.004
sp67        3          0.0652       0.006
sp66        3          0.0562       0.001
sp90        3          0.0525       0.010
sp73        3          0.0499       0.131
sp91        3          0.0446       0.009
sp150       3          0.0440       0.011
sp7         3          0.0380       0.240
sp78        3          0.0372       0.013
sp121       3          0.0371       0.004
sp3         3          0.0360       0.037
sp68        3          0.0339       0.074
sp98        3          0.0310       0.025
sp27        3          0.0236       0.068
sp180       3          0.0232       0.070
sp148       3          0.0227       0.113
sp110       3          0.0220       0.183
sp42        3          0.0205       0.243
sp93        3          0.0197       0.168
sp38        3          0.0190       0.078
sp193       3          0.0190       0.025
sp173       3          0.0157       0.084
sp177       3          0.0154       0.175
sp164       3          0.0152       0.057
sp79        3          0.0136       0.225
sp171       3          0.0126       0.151
sp158       3          0.0114       0.115
sp109       3          0.0107       0.181
sp194       3          0.0097       0.184
sp51        4          0.2881       0.001
sp120       4          0.1988       0.001
sp75        4          0.1165       0.001
sp53        4          0.1080       0.001
sp108       4          0.1053       0.001
sp87        4          0.0724       0.002
sp61        4          0.0721       0.001
sp71        4          0.0534       0.001
sp96        4          0.0505       0.003
sp143       4          0.0494       0.002
sp1         4          0.0446       0.013
sp129       4          0.0439       0.003
sp58        4          0.0420       0.049
sp105       4          0.0417       0.001
sp65        4          0.0393       0.002
sp80        4          0.0328       0.011
sp139       4          0.0269       0.023
sp136       4          0.0256       0.002
sp130       4          0.0229       0.035
sp106       4          0.0213       0.044
sp134       4          0.0192       0.015
sp116       4          0.0138       0.144
sp115       4          0.0128       0.064
sp147       4          0.0117       0.112
sp107       4          0.0113       0.154
sp127       4          0.0099       0.173

Sum of probabilities                 =  66.569 

Sum of Indicator Values              =  8.34 

Sum of Significant Indicator Values  =  6.95 

Number of Significant Indicators     =  112 

Significant Indicator Distribution

 1  2  3  4 
21 22 43 26 
NULL
