      cluster indicator_value probability
sp8         1          0.3809       0.002
sp3         1          0.1833       0.134
sp75        1          0.1433       0.103
sp11        1          0.1417       0.125
sp71        1          0.1188       0.139
sp17        1          0.1135       0.082
sp16        1          0.1045       0.056
sp45        1          0.0977       0.038
sp73        1          0.0841       0.059
sp37        1          0.0750       0.073
sp43        1          0.0702       0.084
sp44        1          0.0626       0.100
sp52        1          0.0501       0.193
sp124       1          0.0471       0.090
sp48        1          0.0413       0.232
sp87        1          0.0400       0.222
sp35        1          0.0381       0.176
sp116       1          0.0344       0.140
sp72        1          0.0267       0.139
sp125       1          0.0185       0.250
sp2         2          0.3750       0.008
sp24        2          0.1575       0.021
sp57        2          0.0714       0.221
sp22        2          0.0662       0.233
sp63        2          0.0608       0.143
sp163       2          0.0399       0.052
sp20        2          0.0382       0.126
sp70        2          0.0314       0.183
sp146       2          0.0159       0.224
sp33        3          0.2371       0.041
sp118       3          0.1363       0.001
sp77        3          0.1015       0.035
sp15        3          0.0854       0.163
sp21        3          0.0700       0.049
sp114       3          0.0539       0.023
sp128       3          0.0378       0.148
sp144       3          0.0345       0.046
sp151       3          0.0345       0.054
sp134       3          0.0309       0.103
sp150       3          0.0307       0.056
sp117       3          0.0256       0.167
sp109       3          0.0242       0.109
sp155       3          0.0183       0.234
sp110       4          0.4265       0.001
sp47        4          0.2404       0.006
sp103       4          0.1813       0.002
sp80        4          0.1779       0.002
sp23        4          0.1359       0.016
sp4         4          0.1115       0.087
sp140       4          0.1098       0.001
sp62        4          0.0932       0.044
sp93        4          0.0912       0.016
sp41        4          0.0888       0.022
sp119       4          0.0869       0.057
sp131       4          0.0782       0.007
sp59        4          0.0767       0.069
sp10        4          0.0704       0.038
sp149       4          0.0683       0.016
sp132       4          0.0471       0.034
sp102       4          0.0449       0.112
sp81        4          0.0417       0.140
sp42        4          0.0410       0.245
sp133       4          0.0386       0.046
sp111       4          0.0357       0.178
sp86        4          0.0347       0.069
sp141       4          0.0329       0.096
sp166       4          0.0325       0.043
sp121       4          0.0320       0.047
sp160       4          0.0309       0.023
sp164       4          0.0293       0.088
sp148       4          0.0284       0.033
sp84        4          0.0242       0.239
sp69        4          0.0241       0.061
sp157       4          0.0237       0.106
sp105       4          0.0210       0.196
sp85        4          0.0203       0.191
sp159       4          0.0169       0.141
sp167       4          0.0169       0.132
sp170       4          0.0169       0.120
sp173       4          0.0169       0.141
sp98        4          0.0145       0.221
sp123       4          0.0142       0.186
sp169       4          0.0142       0.177

Sum of probabilities                 =  68.177 

Sum of Indicator Values              =  8.28 

Sum of Significant Indicator Values  =  6.38 

Number of Significant Indicators     =  83 

Significant Indicator Distribution

 1  2  3  4 
20  9 14 40 
NULL
