      cluster indicator_value probability
sp64        1          0.1913       0.049
sp73        1          0.1661       0.038
sp206       1          0.1101       0.020
sp78        1          0.0820       0.092
sp52        1          0.0731       0.231
sp181       1          0.0679       0.132
sp96        1          0.0663       0.027
sp178       1          0.0556       0.194
sp132       1          0.0420       0.175
sp194       1          0.0256       0.104
sp120       1          0.0195       0.191
sp227       1          0.0159       0.203
sp65        2          0.4707       0.001
sp2         2          0.4467       0.001
sp60        2          0.3274       0.001
sp125       2          0.3117       0.001
sp16        2          0.2615       0.005
sp31        2          0.2564       0.009
sp10        2          0.2358       0.002
sp126       2          0.1933       0.001
sp35        2          0.1891       0.007
sp101       2          0.1883       0.049
sp123       2          0.1394       0.008
sp90        2          0.1158       0.073
sp127       2          0.1125       0.031
sp79        2          0.1104       0.017
sp118       2          0.1030       0.140
sp119       2          0.1007       0.117
sp124       2          0.0866       0.016
sp86        2          0.0820       0.146
sp58        2          0.0783       0.014
sp76        2          0.0768       0.098
sp159       2          0.0695       0.021
sp22        2          0.0622       0.244
sp71        2          0.0481       0.108
sp28        2          0.0446       0.059
sp11        2          0.0421       0.193
sp33        2          0.0398       0.105
sp27        2          0.0309       0.052
sp174       2          0.0232       0.133
sp173       2          0.0223       0.130
sp209       2          0.0206       0.144
sp128       2          0.0192       0.207
sp183       2          0.0128       0.243
sp4         2          0.0103       0.174
sp171       2          0.0103       0.167
sp203       2          0.0103       0.180
sp69        3          0.2637       0.001
sp29        3          0.2625       0.003
sp25        3          0.2544       0.005
sp42        3          0.1733       0.219
sp68        3          0.1392       0.104
sp83        3          0.0394       0.079
sp129       3          0.0394       0.113
sp77        3          0.0369       0.219
sp215       3          0.0099       0.162
sp234       3          0.0099       0.162
sp8         4          0.6182       0.001
sp40        4          0.4642       0.001
sp141       4          0.3263       0.001
sp6         4          0.3257       0.001
sp9         4          0.3187       0.001
sp18        4          0.3079       0.001
sp195       4          0.2865       0.001
sp112       4          0.2489       0.001
sp150       4          0.2443       0.001
sp43        4          0.2287       0.001
sp24        4          0.2118       0.022
sp107       4          0.2062       0.001
sp63        4          0.1919       0.004
sp197       4          0.1903       0.001
sp87        4          0.1865       0.088
sp21        4          0.1773       0.001
sp3         4          0.1765       0.024
sp93        4          0.1622       0.004
sp46        4          0.1566       0.002
sp111       4          0.1479       0.002
sp204       4          0.1326       0.001
sp131       4          0.1259       0.009
sp34        4          0.1204       0.003
sp220       4          0.1157       0.002
sp36        4          0.1144       0.002
sp157       4          0.1097       0.006
sp117       4          0.1072       0.007
sp26        4          0.1048       0.003
sp155       4          0.0962       0.007
sp67        4          0.0949       0.095
sp62        4          0.0618       0.021
sp121       4          0.0570       0.053
sp160       4          0.0505       0.031
sp201       4          0.0455       0.036
sp221       4          0.0455       0.032
sp223       4          0.0455       0.025
sp228       4          0.0455       0.026
sp115       4          0.0444       0.139
sp12        4          0.0406       0.093
sp170       4          0.0384       0.045
sp138       4          0.0373       0.059
sp152       4          0.0337       0.153
sp218       4          0.0333       0.034
sp164       4          0.0327       0.091
sp186       4          0.0326       0.029
sp151       4          0.0314       0.052
sp199       4          0.0274       0.057
sp85        4          0.0265       0.104
sp97        4          0.0247       0.170
sp122       4          0.0241       0.196
sp45        4          0.0238       0.092
sp161       4          0.0231       0.124
sp147       4          0.0224       0.150
sp39        4          0.0207       0.195
sp37        5          0.4077       0.001
sp80        5          0.3728       0.001
sp50        5          0.3515       0.001
sp19        5          0.3513       0.001
sp5         5          0.3365       0.001
sp56        5          0.3342       0.002
sp1         5          0.3237       0.001
sp51        5          0.2872       0.007
sp88        5          0.2785       0.004
sp14        5          0.2779       0.001
sp23        5          0.2564       0.005
sp20        5          0.2546       0.017
sp17        5          0.2467       0.019
sp61        5          0.2466       0.003
sp13        5          0.2157       0.097
sp103       5          0.2056       0.071
sp32        5          0.1530       0.216
sp41        5          0.1524       0.010
sp48        5          0.1385       0.041
sp53        5          0.1222       0.106
sp59        5          0.1166       0.082
sp139       5          0.0946       0.041
sp104       5          0.0917       0.027
sp133       5          0.0505       0.035
sp109       5          0.0391       0.102
sp168       5          0.0369       0.138
sp106       5          0.0263       0.129
sp105       5          0.0258       0.162
sp140       5          0.0201       0.248
sp188       5          0.0177       0.099
sp146       5          0.0150       0.171
sp192       5          0.0130       0.203

Sum of probabilities                 =  75.205 

Sum of Indicator Values              =  21.69 

Sum of Significant Indicator Values  =  19.52 

Number of Significant Indicators     =  143 

Significant Indicator Distribution

 1  2  3  4  5 
12 35 10 54 32 
NULL
