      cluster indicator_value probability
sp89        1          0.1759       0.081
sp201       1          0.1637       0.021
sp148       1          0.1127       0.010
sp27        1          0.0868       0.042
sp245       1          0.0780       0.055
sp213       1          0.0663       0.005
sp99        1          0.0659       0.196
sp154       1          0.0512       0.048
sp225       1          0.0417       0.164
sp163       1          0.0320       0.174
sp55        1          0.0258       0.069
sp132       1          0.0249       0.120
sp181       1          0.0232       0.168
sp165       1          0.0190       0.065
sp247       1          0.0146       0.246
sp95        2          0.4709       0.001
sp53        2          0.4296       0.001
sp121       2          0.3386       0.001
sp155       2          0.3197       0.001
sp51        2          0.2943       0.001
sp9         2          0.2549       0.003
sp29        2          0.2519       0.002
sp77        2          0.2370       0.001
sp58        2          0.1968       0.002
sp222       2          0.1928       0.001
sp86        2          0.1619       0.001
sp1         2          0.1394       0.005
sp12        2          0.1337       0.124
sp74        2          0.1288       0.001
sp109       2          0.1271       0.002
sp106       2          0.1235       0.001
sp210       2          0.1132       0.042
sp57        2          0.1130       0.148
sp96        2          0.0980       0.159
sp223       2          0.0928       0.035
sp129       2          0.0926       0.003
sp61        2          0.0889       0.008
sp208       2          0.0783       0.094
sp204       2          0.0776       0.041
sp87        2          0.0732       0.035
sp5         2          0.0695       0.020
sp97        2          0.0579       0.010
sp143       2          0.0566       0.014
sp65        2          0.0396       0.069
sp139       2          0.0388       0.038
sp137       2          0.0361       0.027
sp136       2          0.0309       0.033
sp241       2          0.0223       0.073
sp107       2          0.0219       0.125
sp130       2          0.0215       0.151
sp156       2          0.0207       0.130
sp67        2          0.0179       0.062
sp134       2          0.0155       0.191
sp146       2          0.0103       0.225
sp240       2          0.0103       0.181
sp166       3          0.2946       0.001
sp127       3          0.2624       0.001
sp32        3          0.2014       0.075
sp111       3          0.1532       0.160
sp152       3          0.1357       0.001
sp200       3          0.1210       0.195
sp226       3          0.1042       0.051
sp26        3          0.0983       0.180
sp224       3          0.0547       0.009
sp90        3          0.0332       0.213
sp82        3          0.0257       0.115
sp175       3          0.0219       0.097
sp138       3          0.0164       0.169
sp195       3          0.0118       0.163
sp52        4          0.4919       0.001
sp40        4          0.3790       0.001
sp19        4          0.3661       0.001
sp218       4          0.3200       0.001
sp249       4          0.2973       0.001
sp39        4          0.2947       0.001
sp4         4          0.2878       0.001
sp76        4          0.2827       0.001
sp100       4          0.2499       0.001
sp209       4          0.2466       0.003
sp123       4          0.2408       0.001
sp66        4          0.2360       0.001
sp105       4          0.2059       0.001
sp56        4          0.2056       0.001
sp6         4          0.1986       0.049
sp36        4          0.1858       0.001
sp234       4          0.1811       0.001
sp221       4          0.1680       0.001
sp104       4          0.1661       0.001
sp48        4          0.1596       0.011
sp85        4          0.1411       0.001
sp251       4          0.1405       0.001
sp45        4          0.1258       0.005
sp62        4          0.1203       0.013
sp199       4          0.1092       0.019
sp30        4          0.1080       0.009
sp112       4          0.1024       0.002
sp185       4          0.0912       0.001
sp98        4          0.0910       0.004
sp114       4          0.0902       0.003
sp7         4          0.0890       0.010
sp16        4          0.0831       0.002
sp43        4          0.0757       0.160
sp219       4          0.0746       0.009
sp33        4          0.0623       0.009
sp259       4          0.0604       0.005
sp262       4          0.0526       0.004
sp124       4          0.0496       0.007
sp80        4          0.0491       0.028
sp59        4          0.0459       0.070
sp79        4          0.0437       0.244
sp24        4          0.0411       0.080
sp159       4          0.0410       0.013
sp70        4          0.0340       0.194
sp75        4          0.0276       0.071
sp261       4          0.0263       0.057
sp144       4          0.0250       0.142
sp113       4          0.0244       0.104
sp182       4          0.0235       0.067
sp177       4          0.0212       0.042
sp162       4          0.0200       0.092
sp239       4          0.0200       0.092
sp253       4          0.0197       0.104
sp174       4          0.0188       0.103
sp227       4          0.0182       0.114
sp232       4          0.0167       0.166
sp145       4          0.0144       0.199
sp183       4          0.0139       0.219
sp180       4          0.0133       0.250
sp120       4          0.0132       0.209
sp15        5          0.3953       0.001
sp17        5          0.3883       0.001
sp206       5          0.3666       0.001
sp25        5          0.3662       0.001
sp10        5          0.3471       0.001
sp72        5          0.3309       0.001
sp20        5          0.3303       0.001
sp37        5          0.3130       0.001
sp34        5          0.2977       0.001
sp91        5          0.2949       0.001
sp50        5          0.2808       0.001
sp23        5          0.2650       0.004
sp35        5          0.2629       0.002
sp2         5          0.2562       0.002
sp42        5          0.2343       0.002
sp13        5          0.2337       0.017
sp8         5          0.2219       0.055
sp215       5          0.2099       0.021
sp31        5          0.1990       0.001
sp78        5          0.1792       0.006
sp176       5          0.1374       0.001
sp150       5          0.1353       0.034
sp22        5          0.1222       0.062
sp92        5          0.1131       0.128
sp69        5          0.1015       0.053
sp140       5          0.1001       0.068
sp216       5          0.0980       0.012
sp173       5          0.0767       0.002
sp194       5          0.0559       0.027
sp3         5          0.0446       0.051
sp94        5          0.0429       0.094
sp188       5          0.0295       0.035
sp84        5          0.0264       0.092
sp64        5          0.0263       0.104
sp217       5          0.0263       0.102
sp193       5          0.0261       0.063
sp169       5          0.0253       0.149
sp172       5          0.0222       0.045
sp231       5          0.0183       0.213

Sum of probabilities                 =  72.476 

Sum of Indicator Values              =  23.93 

Sum of Significant Indicator Values  =  22.02 

Number of Significant Indicators     =  168 

Significant Indicator Distribution

 1  2  3  4  5 
15 40 14 60 39 
NULL
